1.55035555638 2.46084042272
1.68986313251 0.915661065036
1.48308606166 2.46900150603
2.35040414835 1.82643955714
1.75497570917 0.953202608151
2.21615938976 2.10092905443
2.19222074747 1.05046642309
2.24107189111 1.65751968829
1.98271682662 1.12286015154
1.91767927812 2.16842652598
0.760895051102 1.05590105324
2.37001575363 1.01774219712
1.68987638034 0.523169943035
0.954870138135 2.19773450087
1.55923145875 2.34704877917
2.25020496723 1.04923120433
1.39366687111 2.25659980551
2.12988460219 2.10827246191
2.28769712211 1.81825028487
1.85656209802 0.659991982028
2.06110089788 1.16285643652
1.73911331852 0.936684084275
1.7993409364 2.32243237035
0.604116847828 1.5783797018
1.52885597674 0.94939366821
2.23923303409 2.16560838434
1.47640735304 2.17560594063
0.884605940344 1.46774862266
2.20167907449 1.00867884594
0.640977956956 1.30167922558
2.08277922194 1.85016907127
2.01322671415 1.17930023404
0.695320051185 1.73073833659
1.76546947678 1.9992754319
2.05453228377 0.839133942276
2.02466194464 1.6604052488
1.71527968578 2.25076937663
1.51900343378 2.044186429
2.30734218604 1.48590763898
1.9880527041 2.04203741386
1.23112754316 0.994324608119
0.828563069847 2.06340256374
2.29876471819 1.14436686744
1.48506573576 2.35558574541
0.86293441849 1.92970623088
1.38015841896 2.47603175945
1.75550835419 2.00146333957
1.66098047496 0.742645864419
2.06626663384 0.84858454163
0.574506761637 1.85526365666
1.57967726541 2.41071484746
1.886288384 2.01262197025
0.953346944645 0.848524415598
1.90376377564 1.93298361803
0.705448275349 1.95873473474
1.26100970335 0.963219189887
1.72112591633 0.892461252984
2.30671791137 1.2378813027
2.22385042347 1.37236550452
2.16778389824 0.783889208816
2.3802494342 1.0514903194
1.83292094142 0.585306801839
2.36815762345 1.31546723639
0.824536399619 2.12988008745
1.94432284642 0.76052234101
1.75688813398 2.34024311162
2.09528412215 1.32930490953
0.644580010328 1.7945448035
2.14476177909 1.63704834266
0.634718315309 1.39375685369
2.10425866923 2.17109720656
0.661611014178 1.64783067494
1.37751958633 2.19462115449
2.31776081488 1.341043246
1.38364832778 2.44760872114
2.07868379419 1.16589662326
0.850673349808 0.850673501734
2.29124122398 1.21201158794
1.51196161622 2.18527871683
2.09274885431 1.77640332075
1.7106633236 0.713793307018
0.775273756102 1.74954332571
2.31595704707 0.99013325532
1.05200436208 1.01958360935
2.06164441896 2.02374187025
1.18486126055 0.757579920195
2.05879334284 1.5
0.549277567077 1.61673412327
1.62717410019 2.40489046201
1.86734464579 2.1908747435
2.16950509506 1.21581180938
2.444022591 1.41740854959
1.48507322579 0.64485253236
1.77557131131 0.651878279736
2.1761464881 1.0087506472
1.35526124231 0.679146363825
1.68830823356 0.684346881835
1.38475061061 0.679958794788
1.29726847719 0.68688873476
1.95745733923 1.29632677451
1.72424155477 0.76653853195
0.913846667162 2.10697962931
2.16973727909 1.82665268558
1.3685977458 0.82399449145
0.91085806724 1.1026188441
1.43382836 0.870419731837
1.40937707516 2.14481585394
2.30730128617 2.04453157241
2.27532192819 1.18674944905
1.16803808898 0.988823621799
0.66954676784 2.039302725
1.72630796002 1.01468081922
1.75769292903 2.24839451784
1.80755048771 2.19076964142
1.8220103646 0.984675514759
2.28507154539 1.63842929103
2.35428879772 1.65063415978
2.18978612564 1.88235467941
0.538430638064 1.24234837049
1.14582245911 0.577336318301
0.984178698396 2.32548675629
1.13421963499 2.32155628205
0.86960539316 1.76758669561
2.14330636715 1.1434093131
2.17705427525 1.29300360301
0.738886619219 1.47342140718
1.50000003379 2.22214956899
1.8751338136 0.964253211026
1.90052284901 2.16658191351
1.06804857789 0.947127529226
0.944065382537 1.73598029813
1.31239841666 2.31259193076
0.864972737333 2.25679612556
2.01647712789 0.838939203729
1.8888005278 0.626739357591
1.16667395439 0.714733327257
1.43328176156 2.26259338881
2.31427803516 1.81257204202
2.19322108929 1.78007949115
1.31033918253 0.524280381301
1.99929150331 0.78693759409
1.03339985268 0.723447166946
1.8150198204 2.41488387938
1.74905002506 2.11642038011
1.93131699112 0.721883265074
1.08282409846 0.904211222688
1.75062532414 0.625965134049
2.0302791914 1.5839879704
1.06283125413 1.18237838922
1.28361521516 0.792237592909
2.23824609423 1.87615515995
0.573337789817 1.46764033036
2.0670214305 1.64137431645
1.26205030465 0.965556417869
1.75157282465 2.12266452757
0.685468761612 2.07034100474
1.37390279966 2.29614665487
1.62312490575 0.801723366005
0.736431216418 1.43319646162
0.698555560707 1.61263574355
2.18042319368 1.92517558432
2.11441130312 1.08557419168
1.08218808736 1.99792891627
1.07976399215 2.29034909863
0.759454089394 1.71234819115
1.01310924996 0.656680726223
1.27007860078 0.577836158711
2.01365380174 0.949173555504
0.772913438838 2.15467177469
1.90942117606 2.00559301873
0.924926925747 1.06665145752
2.13477700634 1.02166104882
0.675811959058 1.23220516591
1.15850485484 1.09302203274
1.36554589968 2.08238483403
2.43757593197 1.84124972056
0.583237351499 1.28834876255
0.67209186908 1.24688317568
2.23026903764 0.90863959157
0.613832762709 1.46905444214
0.881064356127 1.2868834386
0.632603785737 1.36261802344
1.13567487145 1.06581432462
1.09253025205 0.847912272383
1.55059151307 2.22349187888
1.54383433034 2.33640812495
1.08196347641 0.983768012472
2.48733103695 1.55174382552
0.826535092296 1.66791372216
1.47424170051 2.23762220005
0.677525431344 2.03412131947
0.833418105234 1.90052288021
2.01724711723 1.21328512471
0.853199440695 1.53389744064
0.845010875853 1.56884219091
0.68671918878 1.748644972
2.04008926506 1.92196396264
2.28282650881 1.21507429548
2.09635423945 1.57322309123
1.61131202141 0.593435256648
1.33603700158 0.963701449611
0.851187874444 2.02539777858
0.628743165617 1.85201069379
1.85679347535 2.26514600956
1.2672753771 0.86059461224
1.22884377343 2.44563433778
0.789696746537 2.05494980685
1.01247965627 2.25071560157
1.17279832523 0.909712727543
1.60004461047 0.868342596088
1.57319254459 0.663404009443
1.85899154637 0.878208178216
2.05932317919 0.730157430886
0.758808419766 0.832628258472
2.19819460513 1.64840584009
0.653912308539 1.94987289133
1.04192550651 2.32638838231
1.40828208639 0.920916392631
0.595841223583 1.46842616545
1.11615127752 0.778085768078
2.07118540236 1.45002764629
1.54443939839 2.34795350101
1.13706469564 2.27831739339
2.06209878823 1.46069411919
1.26006077728 0.66323290612
0.951682456276 1.74412675241
1.32032017076 2.42437284629
0.978524173456 2.3030024672
1.01165421741 2.28151672831
1.35279136538 2.0493902237
1.40374071733 1.99521121807
0.722919073941 2.08557256968
0.894830695593 1.63971439798
0.880862131422 2.03820841659
1.2176331795 0.968945408946
0.814068874073 1.6710219006
1.09494467429 2.40976930214
2.4158113187 1.35494956552
1.38273383873 2.00793567252
1.38238024483 2.33690835412
2.45998412179 1.60089839396
2.18249612531 2.05267444208
0.89206203779 0.912921270949
1.35079019029 0.732382626118
1.26073612453 0.763621837713
2.45856718976 1.36528198813
1.14235349578 0.92764610771
0.920048406266 1.09391361889
2.02793568931 2.15194624621
1.43723842929 0.602469507347
1.06807031781 2.2792218873
0.765587849462 1.99536733153
0.644709817641 1.2220994711
2.17670301596 1.18444805786
1.11159305441 1.05318902809
2.18402102103 2.13785989276
2.00953502005 1.18160706142
1.54829396518 2.42150295329
1.1489271014 2.18901946262
1.66807433695 0.709271843641
2.18993072586 1.05195358107
2.4018127871 1.54726200409
1.6372962174 0.793671642444
1.04491693333 2.22828524798
1.88267248701 1.13045735336
1.13558558221 0.842579181874
0.654166638671 1.10558153585
1.66183944077 0.896006626352
2.06987944842 1.94523860376
0.806281887378 0.958008136389
2.39168787636 1.06509457218
1.18359211867 0.754590010374
0.894316854666 1.05994554035
1.26357222975 2.11591550512
1.79876154198 2.14069613783
0.839495773617 1.05448438082
0.521225255741 1.5000000916
2.22472622054 1.25045660646
0.956170982753 1.5000000509
0.657157362978 1.52943279155
0.973422462945 0.719316903303
0.682990066513 1.37059842125
1.54189332645 2.29937159644
2.48125196879 1.44857458076
2.35731018831 1.72971556546
0.845346557057 2.11047429892
2.29490588232 1.34548579917
1.46765307545 0.882785550662
1.3041827691 2.34817781867
2.11570197497 2.2337650019
1.69813229052 0.705334286977
1.88391069422 0.95171852223
2.01485120981 1.44588686151
1.63669365634 2.09208516644
1.07446861949 1.94065070543
2.03672326461 2.29572491303
2.15478993544 0.845209850071
2.0987544919 1.06497924369
0.975167844709 0.851886422937
0.715316113494 2.07010630435
1.97240807218 2.04344329359
0.740668728114 1.04374785531
2.15359419649 2.2518740761
2.29710971943 1.31597256947
1.1624561216 0.891054903825
1.71203038884 1.97622800654
1.9493050294 1.94930500838
1.06573603611 1.85166007687
2.1580084913 2.09247348073
1.88796031055 1.16275113427
1.99736527605 1.375992814
1.83978855622 2.06550308316
2.0640869681 1.53944480216
1.9912548617 1.08778808745
1.51246659861 2.21420906177
1.37724337349 2.37345910645
1.32237400925 0.730617775478
1.62052599711 0.816462521862
1.846229599 0.900312527416
2.19434553081 1.11511783122
1.84542957153 1.88363838587
2.11451007681 1.35812905336
1.65380542801 0.70873905043
2.10657541772 1.55306847104
0.770747346529 0.888084509588
1.15846405325 0.799747761819
2.1513446561 0.848655130542
1.26710685424 0.78322891893
1.67928434504 2.02067948262
1.97228506646 0.647974873613
0.72657590308 1.39130240893
0.732260410837 1.6353732737
0.913606628835 1.04185939467
1.42512213843 0.890169444972
1.02725033592 0.956163852698
1.99695971184 1.32888294996
0.956240695311 1.89506432206
1.0528711016 0.622460400772
0.900215420153 1.26976434295
2.23879776145 1.56463642683
0.650501882622 1.3654528017
1.11614344014 0.71297767411
0.826344451449 1.34447443327
2.30267322979 1.14262668514
0.910220341628 1.00511622115
1.7724887822 0.965210449265
2.05244186007 2.31902868768
2.34235905173 1.57369686544
1.80694167651 1.00879046505
1.76812258128 2.37698932799
2.09465268476 1.65933670169
0.880297560391 1.35693048423
2.07783930806 1.48991366947
2.2156191266 1.07001248199
1.85729126158 2.43077545864
1.01707508486 0.727158796172
1.41358211785 2.32221162096
2.18574996298 2.11745201293
1.29769955352 0.548251856133
1.81264823154 0.911993976805
2.24598713971 2.06214160795
2.1856146527 2.03566085166
0.776506215612 0.97435112104
2.29360579814 1.61153401793
0.583379927777 1.45196206502
1.7394637031 2.33510905569
1.14873769814 2.3694048512
1.13793556643 1.0528877703
0.770425382704 0.96993313837
1.98804582528 2.19700163015
1.61640963116 0.765017824861
0.935310535602 1.47040593306
1.97341779327 2.17611063667
0.858526759758 1.54485623763
2.3796532754 1.31302375796
0.668759247861 1.57272421869
0.892712074816 0.93369497978
1.06807031781 2.2792218873
2.17323844216 1.5
2.07920244879 1.30056448833
2.07547074622 0.882882976865
1.31122161707 0.795469857183
2.11012426329 1.05671861832
2.10536909958 2.17233046434
1.92887452359 0.813657051457
2.28523763813 1.18274324016
1.48619427471 0.709076867231
1.23692692509 2.30965582642
1.04216671477 2.02667701956
2.13140471956 1.75510405742
1.53042455265 0.628751271682
2.44712528609 1.80773965045
2.06720806707 1.7890069353
2.22537548209 0.846868765119
0.866523604306 2.09072638006
1.61678178052 2.45111093766
1.15797930905 1.13322779963
2.00205668246 1.75581064793
1.59933679872 2.06336684356
1.19620851656 2.12286494089
1.70341889845 0.542988635516
1.19930810525 2.11650984131
1.06885091791 2.07215423534
2.0713632988 1.80379924421
2.34686458235 1.84215548973
1.3182932303 0.972285446623
2.25511339143 1.38040164685
0.74949465138 1.59215053821
1.58274648729 0.911227532198
1.60889783716 0.725150813989
0.701125881287 1.58396512639
1.17062289466 0.641943636769
2.11523521584 0.90587406285
2.13840839395 1.22901158229
1.43379608541 2.2567146369
1.79123571649 1.9846975938
0.843492421663 1.41939107006
1.59668614357 2.11045211904
1.53649461568 0.803639358503
1.55901541623 2.34395922926
1.37964810455 0.519813578311
2.24905508111 1.11833720974
2.39787788356 1.34167973527
1.05170601694 1.81389887664
1.00684939319 1.79631483088
1.84153977206 2.3453405137
0.547138802099 1.68521754111
0.982807852374 0.703594147162
2.3567047759 1.1538686276
1.92866651152 1.77837927707
0.901042572464 1.50000005606
0.54390416571 1.24381499721
0.768491411194 2.09236406416
0.809008483311 1.31484945622
0.960479488322 2.14297559633
1.44843518516 2.48391619047
2.3686655398 1.53033446818
0.559458523323 1.82385448993
1.57272059555 2.19188995872
0.997706194532 2.05785386347
1.21857178533 2.1320982202
1.95276913458 0.715780572308
1.37380049076 0.602044720564
1.63711598894 0.722375922713
1.44698514788 0.894038429061
1.93392047093 2.16817888691
1.59779314466 0.804164889606
1.46105455841 2.24312398197
1.56114133514 0.625636381625
1.07740177452 1.18154947038
1.87787872584 1.09477454601
2.1106481119 0.772257680611
1.24696709914 0.873721826116
0.537208449785 1.51680567866
0.69919010408 1.7601989827
1.6991801888 2.36274402484
2.22912146041 1.82462577835
1.75707520638 2.24660052121
1.84628325298 2.35708103976
2.25880567778 2.09284394521
1.92832200651 1.97569975693
1.74087534127 0.838200128463
1.44847503946 2.48315572441
1.01812364172 2.07427795999
2.02434587832 2.27737468437
0.611541004252 1.91429532085
0.8997518071 1.60584000624
1.00910722629 1.34991907275
0.787809447466 1.33557793068
1.41104780195 0.775543302562
3.95 1.41
2.61 1.43
2.65 1.51
3.44 1.44
3.09 1.49
3.42 1.44
3.68 1.5
3.16 1.57
3.05 1.42
3.29 1.54
2.91 1.59
3.62 1.53
3.52 1.4
3.4 1.41
2.55 1.59
3.74 1.41
3.1 1.57
3.64 1.58
3.0 1.51
2.52 1.51
3.1 1.44
3.37 1.5
3.67 1.54
3.09 1.42
3.36 1.59
3.19 1.47
3.2 1.51
3.82 1.52
3.63 1.43
3.05 1.48
2.94 1.42
2.71 1.47
2.71 1.46
3.85 1.52
3.99 1.47
3.33 1.49
3.83 1.51
2.92 1.5
2.75 1.51
2.75 1.53
3.92 1.54
2.93 1.53
2.77 1.45
3.87 1.4
2.5 1.43
2.6 1.55
3.75 1.42
3.02 1.56
3.2 1.59
3.7 1.49
3.26 1.44
2.8 1.41
3.77 1.42
3.12 1.44
3.26 1.49
3.69 1.48
3.33 1.42
2.83 1.52
3.4 1.51
2.52 1.4
4.06 1.04
5.41 2.46
4.6 2.52
6.16 2.26
4.84 2.4
5.2 2.53
6.15 0.8
4.03 0.64
6.0 1.67
4.0 1.84
4.41 2.44
4.19 2.03
4.9 0.59
6.1 1.65
6.05 1.16
6.12 0.8
6.07 2.43
6.07 1.77
4.18 1.44
4.19 1.66
4.39 2.56
6.16 1.92
6.08 2.24
6.16 2.33
4.08 1.98
4.23 0.55
4.19 1.17
6.03 1.88
4.19 2.37
4.01 2.49
5.31 2.58
5.09 0.44
4.13 2.47
4.89 0.48
4.06 1.08
5.29 0.56
5.42 2.46
6.03 1.8
5.69 0.52
4.18 0.82
4.15 1.12
5.72 2.54
5.3 0.52
5.66 0.51
5.6 0.48
5.72 2.4
4.01 1.61
6.18 0.43
4.79 0.42
4.11 1.89
6.12 2.15
5.72 2.41
6.04 1.39
5.79 2.51
4.18 2.41
4.16 0.71
4.85 2.51
4.36 0.46
6.11 1.78
4.1 1.39
6.17 0.59
4.16 1.17
6.1 0.56
4.14 0.73
4.11 2.58
4.07 1.33
5.13 0.51
4.12 1.35
5.17 0.52
5.85 0.46
4.15 1.36
6.09 2.02
4.05 2.3
6.03 1.22
4.12 2.55
4.07 1.02
4.11 1.21
4.41 0.46
4.51 2.57
4.13 1.74
6.16 1.13
6.15 0.8
4.12 0.99
5.18 0.53
4.33 0.4
4.54 0.47
5.2 2.45
4.52 2.46
4.05 1.05
6.17 2.12
6.11 1.31
4.09 1.94
6.0 1.03
5.64 2.57
4.66 2.44
4.46 0.59
4.04 1.1
4.02 1.37
4.35 0.4
5.96 2.42
4.19 0.63
5.12 2.4
4.8 2.51
6.19 2.03
6.13 1.4
4.39 2.49
6.07 1.59
4.15 2.27
6.11 1.32
4.16 0.83
4.04 1.38
6.02 0.6
4.12 2.14
4.06 0.64
6.03 2.19
4.45 0.47
4.17 1.58
4.01 1.32
6.03 1.34
5.82 0.46
6.09 1.51
6.07 2.03
4.54 0.43
4.96 0.59
4.06 1.17
5.46 2.41
4.13 0.61
6.16 1.58
6.01 0.98
5.84 0.41
6.18 0.78
4.54 2.54
4.03 0.5
5.48 2.49
5.75 2.42
5.95 2.53
4.05 2.11
4.07 1.67
6.17 2.06
5.63 2.4
4.35 2.53
6.15 0.74
5.5 2.49
4.17 1.98
5.76 0.49
4.16 1.49
4.99 2.55
4.32 0.42
6.07 1.45
6.19 1.99
5.64 2.41
4.36 2.42
6.05 1.39
5.98 0.49
5.63 0.49
6.08 1.56
6.01 0.66
6.07 0.57
4.11 1.69
4.06 1.46
6.18 2.14
4.12 1.5
5.28 2.46
5.41 2.56
4.08 1.04
4.37 0.51
5.17 2.58
4.15 0.49
6.03 1.83
5.36 0.46
4.9 0.56
6.11 1.39
5.77 2.55
6.06 2.01
4.1 2.24
5.41 2.45
5.95 2.56
6.03 0.79
6.09 0.64
6.04 2.3
4.37 0.48
4.82 2.5
6.06 1.65
4.61 2.58
5.3 2.48
4.1 1.55
4.39 0.4
4.57 2.5
6.06 1.77
5.8 2.4
6.17 0.79
4.12 1.41
5.7 2.44
5.48 2.58
5.42 0.4
6.19 1.65
6.15 1.48
4.0 0.96
5.95 0.47
4.09 2.38
4.22 2.4
5.96 0.42
6.18 0.98
4.16 1.44
6.13 0.93
4.01 2.31
4.67 2.59
5.9 2.45
4.32 0.52
4.08 1.57
6.07 0.93
6.18 2.19
4.92 0.45
4.16 2.07
5.92 2.55
6.16 0.54
4.87 2.48
4.04 1.06
4.19 2.0
5.61 0.51
4.65 2.54
4.12 1.54
6.07 2.12
5.3 0.48
6.17 0.89
5.48 2.55
6.0 1.92
6.05 2.12
4.55 2.57
4.9 2.41
5.61 0.42
6.04 1.26
4.11 2.55
6.19 1.84
6.08 2.28
5.06 2.53
6.01 2.1
4.13 1.54
6.07 2.49
5.32 2.47
4.44 0.43
5.33 2.48
4.32 2.53
4.7 2.58
4.13 2.41
4.07 1.42
6.04 1.91
6.16 2.27
6.11 1.14
4.19 1.83
4.45 2.55
5.64 0.55
6.18 2.17
6.11 1.64
4.15 2.15
5.17 2.42
4.11 1.21
5.01 0.44
6.06 0.91
5.08 0.48
4.32 2.57
4.2 0.56
4.15 1.63
4.0 0.82
4.57 0.55
6.06 0.58
5.74 2.5
6.14 1.79
4.11 2.44
4.55 0.51
6.16 0.58
4.87 0.5
4.64 0.44
6.11 0.86
5.12 2.52
4.03 1.79
5.2 0.5
6.16 0.56
4.04 0.52
4.63 2.4
4.23 2.59
4.09 0.73
4.05 2.38
4.2 0.49
4.68 0.4
4.17 1.98
6.11 2.44
5.81 2.59
4.04 0.9
6.16 1.56
4.49 0.47
4.51 0.49
6.06 0.51
4.77 0.45
5.98 2.41
5.62 2.4
6.05 2.12
6.0 1.12
6.02 2.57
4.0 0.56
4.36 0.43
6.05 2.22
5.43 2.52
5.1 2.57
4.14 1.15
6.19 2.18
4.07 1.42
4.94 0.59
6.14 0.42
4.08 0.86
5.46 2.41
4.09 2.38
6.05 1.04
6.14 0.65
5.19 0.47
4.75 0.54
5.98 0.49
4.16 2.11
6.1 2.08
5.57 0.47
